========== Layer 1 Dataset Summary ==========
Total rows: 150000
Total columns: 13

Feature statistics after preprocessing:
       tcp.dstport_category  mbtcp.trans_id       tcp.ack       mqtt.ver  tcp.connection.synack      mbtcp.len  mqtt.conflags  mqtt.conack.flags  tcp.connection.rst  http.tls_port    tcp.srcport  tcp.connection.fin  mqtt.hdrflags
count          150000.00000   150000.000000  1.500000e+05  150000.000000          150000.000000  150000.000000  150000.000000      150000.000000       150000.000000  150000.000000  150000.000000       150000.000000  150000.000000
mean                0.71954        0.009242  5.768431e-02       0.023978               0.030468       0.028728       0.103660           0.104400            0.124507       0.006022       0.411375            0.108653       0.171175
std                 0.25203        0.037664  1.956340e-01       0.110854               0.161795       0.135965       0.260605           0.261727            0.330160       0.034082       0.424309            0.311205       0.302261
min                 0.00000        0.000000  0.000000e+00       0.000000               0.000000       0.000000       0.000000           0.000000            0.000000       0.000000       0.000000            0.000000       0.000000
25%                 0.50000        0.000000  2.463365e-10       0.000000               0.000000       0.000000       0.000000           0.000000            0.000000       0.000000       0.028733            0.000000       0.000000
50%                 0.50000        0.000000  1.478019e-09       0.000000               0.000000       0.000000       0.000000           0.000000            0.000000       0.000000       0.028733            0.000000       0.000000
75%                 1.00000        0.000000  3.695047e-09       0.000000               0.000000       0.000000       0.000000           0.000000            0.000000       0.000000       0.856883            0.000000       0.200000
max                 1.00000        1.000000  1.000000e+00       1.000000               1.000000       1.000000       1.000000           1.000000            1.000000       1.000000       1.000000            1.000000       1.000000